100 200 300 400 500
0.16905298225324417 0.16911250482380444 0.16858959289106626 0.16784712435781643 0.16720186890378821
0.16924665152616092 0.16865270920077646 0.16903734281045438 0.16778828045326233 0.16782475420259188
0.17056956541753038 0.17025108131424108 0.17041985867567808 0.16992105027833979 0.1694837868681341
0.16889125770098362 0.16864994200770894 0.1684888419853869 0.1684843317174081 0.16777098481138064
0.1697093728184908 0.1695716369476085 0.16958614537663708 0.16933386404807724 0.16879357835368863
0.16965588335490397 0.16948601800300336 0.1695255010081247 0.16933572440850378 0.16862922666552982
0.17040387559682385 0.17019078701901216 0.1702048037765887 0.1699137668897957 0.16950051408354433
0.17088506193702227 0.17069417857672575 0.1705952598222734 0.17012615787540425 0.16990374263098368
0.17140605769286577 0.1711381126757869 0.17094758925775536 0.1704326046863814 0.1702577882589866
