100 200 300 400 500
0.351381492096536 0.351381492096536 0.351381492096536 0.351381492096536 0.351381492096536
0.351381492096536 0.351381492096536 0.351381492096536 0.351381492096536 0.351381492096536
0.351381492096536 0.351381492096536 0.351381492096536 0.351381492096536 0.351381492096536
0.351381492096536 0.351381492096536 0.351381492096536 0.351381492096536 0.351381492096536
0.351381492096536 0.351381492096536 0.351381492096536 0.351381492096536 0.351381492096536
0.351381492096536 0.351381492096536 0.351381492096536 0.351381492096536 0.351381492096536
0.351381492096536 0.351381492096536 0.351381492096536 0.351381492096536 0.351381492096536
0.351381492096536 0.351381492096536 0.351381492096536 0.351381492096536 0.351381492096536
0.351381492096536 0.351381492096536 0.351381492096536 0.351381492096536 0.351381492096536
