100 200 300 400 500
0.23542390340638236 0.23502463122849226 0.2355334832133793 0.2348105175013732 0.23741584476199104
0.23658662855182216 0.23601989518530192 0.23647416251676642 0.23561028592171862 0.23805981263942325
0.23688344983371168 0.23665209305958337 0.23664681803058188 0.23665167943417875 0.23788388124127932
0.23610615896036433 0.23587375747180647 0.2360069141618021 0.2359310105807153 0.2368680995700995
0.2354150899267393 0.23525151402048067 0.23532462983212146 0.23541840729834193 0.23627995911106664
0.23492348402173077 0.2348183200576345 0.23480081944198683 0.23514569252718162 0.23563349923997753
0.23467299931477967 0.23462144671645868 0.2346198026398326 0.2347810137751443 0.23504068226814678
0.234922084400047 0.23498837494593947 0.234994631016783 0.23528843688851353 0.23534701938310693
0.23451003103186654 0.2346088659115723 0.23465446001047835 0.23495402298210685 0.23500982726893785
100 200 300 400 500
0.23244736933167573 0.2327348421931618 0.23279645228706236 0.23243394440712492 0.2338431682438561
0.23602239155658766 0.23601017761856605 0.2360729421087757 0.2356121376339236 0.23648416339474573
0.23795611302285613 0.23782458131630457 0.23813282799327046 0.23780335371009337 0.2387223158961416
0.23872395468480706 0.23878576782341626 0.23886431347542175 0.23901978066934 0.2392711376191437
0.23748839379364262 0.23765965502484387 0.23794917102660462 0.23806049797783058 0.23841580472094295
0.2368912683652215 0.23703446873009185 0.2372066549237631 0.23737577943920485 0.23790562847214833
0.23633125878950242 0.23644015378541938 0.23664621037333433 0.23675837462085267 0.23713480069380996
0.23655181669379013 0.23660352780021038 0.2367037385582599 0.23689119736168165 0.2370983468259218
0.23638148899337164 0.23644213060416383 0.23650336702805055 0.23686298636256203 0.2369527385058473
