100 200 300 400 500
0.3120814717157928 0.31175382413485503 0.31201513798570235 0.31137067888358305 0.3108542907323258
0.31280910526233013 0.31267352621868155 0.3119436415646811 0.31204244307435314 0.312708127278274
0.314218602158341 0.31395410427726494 0.3132707234105471 0.3134434634010895 0.31353517570171324
0.3134094326283491 0.31312232103315674 0.31287738870298415 0.312657811745024 0.3128264586008931
0.3133429471634746 0.3130458866176641 0.31258706596379565 0.31277672319969724 0.3125490642263192
0.3130889651891103 0.31295428024422495 0.3124456954422333 0.3125862466382629 0.31278851338367547
0.31369002087512327 0.313458629604084 0.3130822224586727 0.3131628517428976 0.31341030165250033
0.3149167425750744 0.314822360162432 0.314566214901643 0.31463032608102487 0.314778329413703
0.31591111674534117 0.3158564408475735 0.31561392170936564 0.3156675922794785 0.31587003908413636
