100 200 300 400 500
0.4530762096137153 0.4524533038306912 0.453588885019046 0.4517715276189946 0.4514581936439216
0.45422376331566094 0.45398239664919493 0.45391854820287936 0.4532146444786306 0.4526775516204533
0.45496635840990524 0.4546211470168358 0.454596225633777 0.45419066047846796 0.4535790627769734
0.4550587164892669 0.45469092639839387 0.4548315292918227 0.4540775619562855 0.4538166397454843
0.4554721548479697 0.45515579540114987 0.45512083876375425 0.454394254627148 0.45417995634252184
0.45531079765302196 0.4549808186270454 0.4547938170817859 0.45433687387979615 0.45407913454066634
0.4551808261349848 0.45489819792503006 0.4546831710141084 0.4541756466557954 0.45376411154831103
0.45491607531902795 0.4546101722223874 0.4543932440350309 0.45402203645096945 0.453587825287339
0.4548194597733915 0.45454502743528513 0.4542849605281779 0.45395848721383686 0.4535175135146213
