100 200 300 400 500
0.7743276342660423 0.7743276342660423 0.7743276342660423 0.7743276342660423 0.7743276342660423
0.7743276342660423 0.7743276342660423 0.7743276342660423 0.7743276342660423 0.7743276342660423
0.7743276342660423 0.7743276342660423 0.7743276342660423 0.7743276342660423 0.7743276342660423
0.7743276342660423 0.7743276342660423 0.7743276342660423 0.7743276342660423 0.7743276342660423
0.7743276342660423 0.7743276342660423 0.7743276342660423 0.7743276342660423 0.7743276342660423
0.7743276342660423 0.7743276342660423 0.7743276342660423 0.7743276342660423 0.7743276342660423
0.7743276342660423 0.7743276342660423 0.7743276342660423 0.7743276342660423 0.7743276342660423
0.7743276342660423 0.7743276342660423 0.7743276342660423 0.7743276342660423 0.7743276342660423
0.7743276342660423 0.7743276342660423 0.7743276342660423 0.7743276342660423 0.7743276342660423
