100 200 300 400 500
0.48363731390141507 0.4838047426667405 0.48327703945330464 0.4836734888107291 0.48296962621463796
0.48491383720265663 0.4847551435723999 0.48437222013597825 0.48356651457099936 0.48320016090582335
0.48161225769316546 0.4814412827977222 0.48132640699369744 0.48041906818220137 0.48038793074608666
0.4836269637062157 0.4836871966031264 0.4833579251962585 0.4824063332380289 0.482641416703864
0.4851662094739045 0.4853112002186805 0.48503808615189953 0.4841456653015035 0.48417354905740895
0.4852012737613135 0.485340525194219 0.4851353190254857 0.48432010026721517 0.48452695700679504
0.48610369038880497 0.48629494686393937 0.48597119641229763 0.4853580306496425 0.485371289812474
0.48562740497915846 0.48576586128113874 0.48554923243396814 0.4850137936004833 0.4848179640043458
0.4858379094988111 0.4859787747019607 0.48579746720568123 0.48522882612669327 0.48509121167827307
