100 200 300 400 500
0.6303639154002537 0.629995901586345 0.6299732692517864 0.6293285027513733 0.6288850999194734
0.6296012461096745 0.6290411954269894 0.6290473092998697 0.6283683784364132 0.628265272352539
0.6297657674286309 0.6289656212254527 0.6290677814967852 0.6283725038576707 0.6285175658838661
0.6299652116198053 0.6291108708993762 0.6292251043740213 0.6285445157294928 0.6286175240433135
0.6305744812319026 0.6298536503182773 0.6298015185001808 0.6291035460632873 0.6290115317211226
0.6308150528259766 0.6301327969868223 0.629848314048307 0.629148693855745 0.6290564386857832
0.6307847611882083 0.6301625851229634 0.6298319698035207 0.6292781100867185 0.6290485817748682
0.6307041790153504 0.6300964878733902 0.6296723979652881 0.6292719380773732 0.6289132488037793
0.6307045198272044 0.6300943465530137 0.6296796271632349 0.6292109601687217 0.6288453167554034
