100 200 300 400 500
0.4880278942292517 0.4864663932602793 0.48651397037738775 0.4855176118479354 0.48393354360658103
0.4893065482165461 0.48827361364059974 0.48802885722024414 0.48754233700381205 0.48610924748536877
0.49056330538052095 0.48988192249598717 0.48948506058574515 0.48873068801534625 0.4881077830522811
0.4905555288143128 0.4898528659272926 0.48948723285794277 0.4886613765189494 0.4884682217514583
0.49038840209065965 0.4895462152901048 0.4893808008782 0.4883459056175619 0.4882396321005824
0.49031223136181146 0.4895791477384933 0.48945407052303425 0.4884941666918611 0.48814710125640487
0.4907386006852768 0.49014772609723445 0.4898000007658602 0.48917617227682825 0.4889619062191383
0.4910557159071444 0.4905274689351393 0.4900134051020223 0.48951303768126553 0.4891385424080261
0.491030537012453 0.4904334358741258 0.48994955103133664 0.4895934639322106 0.48924997185073515
