100 200 300 400 500
0.16347915890818215 0.16304371239660967 0.16223439172757453 0.1616696434157788 0.16117875432890744
0.16251870833452145 0.16205750254483045 0.1614749057190788 0.16109848859700052 0.16147942045936584
0.16103400852177202 0.16044191811857175 0.1602134497944469 0.15939944603899592 0.1595617609605068
0.16337259540315258 0.1628250227883715 0.1624863281034188 0.16182372511139273 0.16182350603561196
0.16404233051559328 0.1634259263389382 0.1632523630299356 0.16243609445294713 0.16257813238162472
0.16425488287132464 0.16383846205660127 0.16341020312318832 0.16298170997093234 0.16292585519280006
0.1648539252607014 0.16453888794800198 0.164135193069594 0.16390511596990126 0.1637987046080652
0.16486474562904033 0.16449251004096407 0.16405662222610184 0.16378052793196593 0.16370947114364218
0.16434867094208905 0.16400455715413567 0.16355680294124963 0.16327271159933401 0.16317511637455887
100 200 300 400 500
0.1650918906419795 0.16436452727230405 0.1640630630007454 0.16341944578494114 0.16281896933586107
0.16774912223282448 0.16671999387440414 0.16673758118255352 0.16551915239161452 0.16550997571438103
0.16835404487267094 0.16759357276590583 0.16718957019005878 0.16649182483728503 0.16616944004917392
0.16662463882746564 0.16597561064079336 0.165714186718773 0.16516401925064816 0.16499130541134258
0.16457952910471257 0.16400240630229324 0.1636732556281225 0.1631337240958745 0.16301679919789017
0.16777797577808198 0.1673781512172765 0.16710347965636935 0.16659717140899907 0.16653278666803517
0.1679067728344615 0.16749943794597366 0.1670826347955008 0.16663194402174547 0.16658516879183605
0.16892901237937527 0.16847917654422376 0.16804722061847685 0.1677116660440887 0.16743946651930305
0.16739154923608535 0.16704345604556753 0.16661312402274986 0.1662604825252917 0.16605179510916612
