100 200 300 400 500
0.16000608952312612 0.16042140541083488 0.15944195230254649 0.15938156244725002 0.15842048824022265
0.16521196297890708 0.16516010217598587 0.16437139471760204 0.16366420920912905 0.16361453682784635
0.1655209395587755 0.1651784061238237 0.16481628466359052 0.16391831102535995 0.1638096016352777
0.1658353548641828 0.16564637590817374 0.16519294306421248 0.16430723896673652 0.16437584472150535
0.16551731323700525 0.16543375418216916 0.16454739232701154 0.16389182306302644 0.16377183950025137
0.16621019091912498 0.16615261404337037 0.16549064254008145 0.16488397689945505 0.16473008136484873
0.1651331649163644 0.16505405274142276 0.16434061934739197 0.16376730983159316 0.16343831505960754
0.1630722970006952 0.16304061194493025 0.16233292051694737 0.16188393227356696 0.1613674948859905
0.16275232097185935 0.16259664124239312 0.16201075867012085 0.16135022868814713 0.16108728624388102
