100 200 300 400 500
0.08464200708094498 0.08477441581282186 0.08481520342969219 0.08435034582000768 0.084515710902069
0.08510319964277599 0.08509128488556335 0.0850374089253545 0.08505419333074657 0.08528523573221462
0.08385039454096971 0.08380322055885157 0.08383102023269799 0.0837891294628617 0.08381527609796367
0.08478963787411828 0.08482973092281781 0.08478282664119788 0.08490201492239141 0.08472535077465955
0.08486994420879916 0.08484633891194208 0.08474682190547943 0.08476468100757635 0.08463219597304904
0.08502923259103198 0.08499028527021374 0.08496137705839249 0.08492710765042445 0.08485090050556636
0.08503895393249523 0.08496737501641545 0.08490403721990704 0.08490193599466607 0.08476234894744969
0.08550286475735448 0.0854252347947233 0.0853615720818932 0.08535864178138912 0.08531503846527211
0.08553092575659198 0.08545910525585242 0.08541440029732024 0.08538998869696136 0.08538875858546381
