100 200 300 400 500
0.06183035702639995 0.06164354738704401 0.06110420725786601 0.06104594340801032 0.06021584272894845
0.062481617769767434 0.06214373696726785 0.061739437159516325 0.061394421990757266 0.06072130313325563
0.0625522263304742 0.06224841493705726 0.06169790876133168 0.06139091375465056 0.060748477500236646
0.063296629115811 0.06313779802466887 0.06267756790042603 0.06238787261357543 0.06208539596748543
0.06419953263261287 0.06391572069262294 0.06342273854509861 0.06314008608165846 0.06291101996133906
0.06467320108241197 0.06438226700908198 0.06403902780968822 0.06367321152298844 0.06343262342792172
0.06531657596434726 0.06494848606066567 0.06464744399906311 0.06418477660082966 0.06390667298187226
0.06660488111001073 0.0662344093692297 0.06595199668314776 0.06553349106967299 0.06532652155914427
0.06538496521910826 0.06504267173538222 0.06485322894217359 0.06441745678334379 0.06423010323729102
