100 200 300 400 500
0.10957232522145155 0.10977845559074276 0.1092282758445791 0.10923729575955143 0.10843858557484923
0.11115893839313988 0.11088385455948652 0.1102148073873761 0.11032645495044455 0.10936578067578756
0.114513246126617 0.11418370055854819 0.11305761420259092 0.11334850394832088 0.11150217564993373
0.11645516153353419 0.11609777228334192 0.11543755881846701 0.11530633398743521 0.11435173204906078
0.1168362875357611 0.11628601278006202 0.11564320303795905 0.11521618417202661 0.11463389899431495
0.11972609209298363 0.11933795614873263 0.11866703225708428 0.1184549364759012 0.11781639529045869
0.12166511900834054 0.12123148078335919 0.12060985709897828 0.12037117555567707 0.11963601717102845
0.12030513077933996 0.11975170490843126 0.11894575261400885 0.11862074119699706 0.11778428388538126
0.12185144847507902 0.12132695220267295 0.1204212179683325 0.12019733801721366 0.11931523367597881
