100 200 300 400 500
0.31231248380204496 0.3118574097490434 0.31260233211780647 0.3111849161812088 0.3103465768279467
0.3105409835523929 0.31042073344597243 0.31113144620729494 0.31020715537284277 0.30960865153009154
0.3097301915463866 0.309699626567522 0.3099274140951822 0.3094556491102558 0.3088577172228368
0.31037065499896094 0.31026285122728336 0.310366678242063 0.31006920505697644 0.30967012849277653
0.3105140723721427 0.3104101154767553 0.3106306128095199 0.3101213045422321 0.3098602633900118
0.3111285929387087 0.31088193634209865 0.31119954170528963 0.31050266198266474 0.31025345209658683
0.3108496942116926 0.31047893762534706 0.31087378586652553 0.3102299289858201 0.3099805988320779
0.31082369926249254 0.31051262424542597 0.3107948720611443 0.3101432245986906 0.30999398981004184
0.31103079729181926 0.3107846558192777 0.3109311751945974 0.3104650531100998 0.31019508610340296
