100 200 300 400 500
0.2583206882601993 0.25801413079772145 0.25785954165502456 0.2580825589189033 0.25744343023415306
0.25900473349401704 0.258750428758869 0.25859915757940777 0.25825896964257744 0.2581775819613865
0.25998436151829085 0.25965015417397985 0.25967595776009234 0.25957893657712794 0.25942528848505686
0.2609318022327449 0.26066550610933636 0.26059592481548316 0.2604254321939982 0.26023230944831843
0.2629781453257052 0.26266089583001484 0.26272267748214945 0.2623492450246202 0.26221960879393896
0.26402956969263147 0.26370413929286257 0.2637583545336532 0.26337961292442885 0.26337917238652175
0.2645131675920673 0.264184202056821 0.2642371962937828 0.26380967328285476 0.263798717578558
0.26295512893835227 0.2626012268136368 0.2626696657825917 0.2622572220909524 0.2622062139003373
0.26405279711425605 0.26370444459746734 0.26369653682149435 0.2633219192697518 0.2632440946188993
