100 200 300 400 500
0.3812208153863681 0.38108914978223185 0.38082219191648636 0.38078216181876595 0.3802627163303914
0.38022693826375764 0.38024446691903674 0.3798147667403799 0.3798349815635794 0.3801492414128604
0.38037371146092136 0.3804410150054019 0.3799036074801086 0.3798689119866291 0.37999386057472
0.38103857501593125 0.38106548267791823 0.38052594052121175 0.38077310048793744 0.3806076940080547
0.3805837659109063 0.38060482375941107 0.38027015105447654 0.38018452897825394 0.38004696255189585
0.3806785638959671 0.38066199251015675 0.38031208221520235 0.38028823570993253 0.38000691666414166
0.3805767995459497 0.38047572818595354 0.38027944945724773 0.3801235785956913 0.3798943758402926
0.38067259113279356 0.38060411966465274 0.3804197484193491 0.3802738067455691 0.3800473109575057
0.3804179262817974 0.3803636867961168 0.38020240155161344 0.38010405679155734 0.3798969047385557
100 200 300 400 500
0.37848988936193334 0.3784850381008326 0.37774262376036455 0.37796134773223944 0.37711362962678274
0.381059323567334 0.3810082252577927 0.3806234414759429 0.38074844571590233 0.37987377248671717
0.3819078544498377 0.38192063550459077 0.3814824634494029 0.3816054483887708 0.3814407278047264
0.3820236993843917 0.3819639503238706 0.3817123524004305 0.381770033918798 0.38172518829745056
0.3821151159848637 0.3821193683091879 0.38173388082838405 0.3818150227638088 0.3817342627052913
0.38173270016793837 0.3817507142877438 0.3812250220972411 0.38138881972227584 0.38120831667779087
0.3821599073818388 0.3821430970776307 0.38172675131212336 0.3819134173815865 0.38179701697757906
0.38203839870934597 0.38202900749688584 0.38163488860001654 0.38178133033633493 0.38158835084861265
0.3821766520466802 0.3821525593738002 0.38191589180749436 0.38196943423500473 0.3818584148710435
