100 200 300 400 500
0.3794074329203934 0.3793505322192423 0.3809725754538488 0.3789142885533407 0.38100016978303314
0.37814496298307765 0.3783474612648194 0.3795686694415385 0.3786751325501273 0.3798684832820049
0.37785413294640957 0.37809388080544154 0.37898258583954536 0.3787785089737302 0.3795563739044229
0.3804267185157995 0.3807517389377239 0.38128707984678833 0.38141940610948605 0.3821968598418035
0.38027571621863826 0.38062870762716416 0.3811855562875809 0.3813063060842171 0.3819850900037865
0.38002255586269734 0.3803985397066748 0.38080636133793555 0.38108419492479545 0.38188617320631646
0.37972929616203543 0.380124085395819 0.3805835259310779 0.3809464682606222 0.381580661267647
0.3795216314133909 0.37995826937557187 0.3803807635812999 0.38083040216768643 0.3813858627930847
0.378976311065609 0.37935869952292045 0.37986811532310155 0.3801981278500567 0.3808861894426203
