100 200 300 400 500
0.27563801282457184 0.27558411379169745 0.276275921684739 0.2758047579038775 0.27595318262581636
0.2745022158729095 0.2748642520336183 0.2749776957905378 0.275029409341949 0.27594152072418066
0.2812638830145819 0.28148152642977026 0.28170872543175074 0.28120690218479005 0.2823107730648748
0.28269143838124156 0.2829340961394947 0.28298872566864974 0.2830731981105583 0.2839986230375595
0.2855022141163613 0.28575075634090946 0.28573347599627513 0.2860134203875407 0.28646598405370277
0.2854257652824915 0.285658951507972 0.28562023422404204 0.2859462488431814 0.2860109220487283
0.28693516582595674 0.2872066607550191 0.2872087523678827 0.2875966667050352 0.2878737516132236
0.28772781530146685 0.2879085349896296 0.2881024054025271 0.288230647340545 0.2884755401811305
0.28887326360372884 0.28903784021827167 0.2891798181146489 0.28924557495848824 0.28950010747959937
