100 200 300 400 500
0.2928847075800968 0.29303374240448554 0.2929730361511565 0.2925917888049774 0.29178812778877505
0.28952557374468757 0.289497471466744 0.28893387670337856 0.2890906279150791 0.2884230756735997
0.2919315234390176 0.29201078982612966 0.29138320919699723 0.2913132326762621 0.2910348241039151
0.29231319190683186 0.2921367331531348 0.291747864916994 0.2914795064333523 0.2914789342563163
0.2912969355168663 0.29112229281580243 0.29082165077580063 0.29037621132758334 0.2904500254209524
0.2893498653804289 0.28923187262328676 0.2888623594290727 0.2885421293727515 0.2886366382573444
0.2911585895706336 0.29093807829774226 0.29078818815644975 0.29031673419540605 0.2902530644906887
0.29189614416750054 0.29167124173561026 0.29135048103561595 0.2911114317043869 0.29109253148648084
0.2909491570716397 0.2907583209872479 0.29042875390307976 0.290180173677393 0.29016708275834946
