100 200 300 400 500
0.42880911235844854 0.4276830247574472 0.42781723059772714 0.424863910166282 0.425366916215159
0.43064396038794905 0.42999192747677084 0.42957676698529196 0.4282820738876456 0.4271509363988538
0.4305155841282369 0.42962397490654175 0.42929407640768724 0.4276427412955858 0.42772588945567575
0.4309546283742319 0.4300283905938664 0.42974970318311295 0.428118736929715 0.427638035030424
0.43055884614157247 0.42988028224362257 0.4291848458599683 0.42827092561981317 0.4279083291847088
0.4305377307762065 0.43000990895426433 0.42926144834045665 0.42836347736498626 0.4281383782756869
0.43164537818406945 0.43122826866440933 0.43031862521952474 0.4297891878692247 0.42885371555491947
0.4314275256534642 0.4310321642722391 0.4302635823093452 0.42942938378875395 0.4285742716886602
0.43074111564359235 0.4303863200877981 0.4293941028405353 0.42866357478187445 0.4278409857153147
