100 200 300 400 500
0.446167255544475 0.44626766661652245 0.446508463001959 0.44613224492538983 0.44527633480661094
0.4488600444978529 0.44903697266693987 0.44851846271168216 0.4487842432562924 0.4477426184124813
0.4501901571730681 0.4502064598610933 0.4495761722038874 0.44954336797623523 0.44890220455774893
0.4498125882338655 0.44986858468222474 0.4491966887787282 0.4489675948240803 0.44813538686181953
0.4493239708627341 0.44933785671366894 0.4488464119217488 0.44862826097816016 0.4479380181433031
0.44996951348389175 0.4499176297490727 0.44959399895306007 0.4494314743994746 0.4489479773447477
0.4497381913055968 0.4497991288948057 0.44927776443996525 0.449316586767351 0.4487807077032115
0.4501404611266635 0.45019139116008916 0.4496552919407462 0.4497092358847041 0.44903755310964694
0.45029832661205044 0.45034232463314067 0.4499124498986136 0.44991199831452866 0.44935350549886505
