100 200 300 400 500
0.20229863896432732 0.20233949329229378 0.2018642391892862 0.20162846533166856 0.2008205731805239
0.20527508080006412 0.20477486436829007 0.20506294397801988 0.20353491386120443 0.20413793236224922
0.206113016836526 0.20587287486278272 0.20580831311493122 0.20474563799580198 0.20525840999924228
0.20721067586396935 0.2068296613942414 0.20707520156465992 0.2059114082053666 0.20642920150009747
0.20826802191792704 0.2079273383055802 0.20803904321335717 0.20690803362723317 0.20706055997159498
0.20959759059035052 0.20931346323519306 0.20936777047481436 0.20864061011184848 0.20857221277139956
0.20967493051993186 0.20939197908722426 0.20933634527295128 0.20873936112099928 0.20860585271552995
0.21021792802869207 0.20991278790024273 0.20979554516731636 0.20935637770168275 0.20919632639599364
0.2096057245868375 0.20932087741720837 0.20920329440173313 0.20882449288862054 0.20861943130449212
