100 200 300 400 500
0.41060718596757045 0.4106596490178839 0.4104641925919028 0.4109203159773062 0.41042750427378966
0.4106434765447067 0.4106367057190288 0.410450958120947 0.4108098041093973 0.4112984786945794
0.41192536489840237 0.4120362969316758 0.4119220580488496 0.412355071906808 0.41246732669703695
0.41176807313822716 0.4117263858979394 0.4118244262844171 0.41193383290577906 0.4120164781402142
0.4116641224446842 0.4116585179283777 0.41168738751600303 0.4117516619368029 0.4114596374245387
0.4118809774902809 0.4119306228538343 0.4118446554917947 0.4120791747716742 0.4116678662680907
0.41187920458007066 0.4119426313040925 0.41201818017547 0.41208270963086074 0.41178622885221106
0.41187775827542333 0.4119532614783423 0.41211644128947195 0.4120856290582308 0.411948715604092
0.41165263157586096 0.41178642290228495 0.41196490384365775 0.41191931713199864 0.4118043883827282
