100 200 300 400 500
0.5555397647707153 0.5537851117067161 0.5549444061742814 0.5520720794844447 0.5540480643444007
0.5566551205199672 0.555506606410956 0.556165024820126 0.5543428009915039 0.5554148315111467
0.5572144007491293 0.5565491085290808 0.5568547684598082 0.5557015289243709 0.5560284485005348
0.5575302619851077 0.556962985120771 0.5567180151186464 0.556141258915507 0.5565546104908937
0.5575124171905628 0.5569125010626179 0.5567088778064097 0.5559367289832009 0.556172916872024
0.5578163873031257 0.5573175397378953 0.5570028674701865 0.5563362387228329 0.5567883974455599
0.5577254995086529 0.5572186515088705 0.5570180021971035 0.556376372404394 0.5566813572768068
0.5577883619993477 0.5571587622228455 0.5570160508224561 0.5562268387610564 0.5566221829470913
0.5576489542206604 0.5570036109750498 0.5567581656538482 0.5560286894258587 0.5564544290285837
