100 200 300 400 500
0.531128356490024 0.5311552536258024 0.5310329198468179 0.5311191741383657 0.5305826950943
0.5314906835333281 0.5315223108801141 0.5314204655879752 0.5312737769103225 0.5311903994718804
0.5309238779206337 0.530981891934153 0.5311130931203254 0.5308207365858026 0.5308222636279666
0.5316292594566179 0.5316632914773222 0.5317738154831401 0.5315048765826599 0.5314614834435939
0.5315547191638033 0.531556185465251 0.5315502240239711 0.5313104381460214 0.5312481374370506
0.5315203950791549 0.5314894247403157 0.5315411261269823 0.5313046517667085 0.5314109204056624
0.5317382410877841 0.5317997394180802 0.5317912325257246 0.5316588022377255 0.5317225179395457
0.5316565788217903 0.5317548087100814 0.5317446441061042 0.531608787757986 0.5318190769226747
0.5317177277352984 0.5317930731207565 0.5317697778874559 0.5316577431588605 0.531783619633167
