100 200 300 400 500
0.44948166573576553 0.4508176262191727 0.4518145818042278 0.4511906425449303 0.4530798316384922
0.450210386436156 0.4509089746293821 0.4521145709602759 0.45226583506933443 0.45437134909951254
0.4529161011078128 0.45336484208478567 0.45486803032336465 0.45435994246123307 0.4558345759498481
0.4552717508803972 0.45594668219356854 0.4569953061919599 0.4568421510944353 0.4580623500957125
0.45424485560231426 0.4547868184807409 0.45614327483054706 0.455840933900802 0.45730376100700204
0.4543679674602153 0.4549279464739002 0.4560326683493564 0.4558830485517084 0.45743648558387284
0.4556054873532163 0.4561500844142822 0.45720411937561806 0.45705856212983187 0.45872406153744266
0.45482500506166884 0.45533313947815085 0.45639031499951144 0.4563699676421926 0.4578566314678206
0.45542252799515587 0.4560394264985599 0.457018348121116 0.4571144131155637 0.4582777936997029
