0.62560695
0.62191714
0.62963744
0.62419123
0.6224713
0.62400026
0.62115133
0.6301868
0.62297722
0.62500713
0.63248348
0.62080989
0.62386766
0.62923098
0.62920266
0.62658508
0.62933543
0.63010032
0.62585058
0.62848743
0.63097628
0.62601663
0.63087021
0.62535116
0.63205801
0.62710762
0.6293563
0.63068861
0.62565311
0.62418035
0.63294009
0.62998432
0.63096054
0.63109139
0.62932367
0.63109215
0.63482383
0.63875148
0.6360247
0.62880884
0.63233268
0.62671655
0.62794049
0.63352114
0.63088085
0.63394742
0.63374177
0.63412089
0.63241611
0.63348463
0.63387628
0.63480916
0.6351452
0.63786461
 0.63195734
 0.63520972
 0.63510998
 0.63761726
 0.64256531
 0.63555547
 0.63785882
 0.63554517
 0.63791747
 0.63351152
 0.63855211
 0.63861499
