nohup: ignoring input
Loading Atlases ..:   0%|          | 0/2 [00:00<?, ?it/s]Loading Atlases ..:  50%|█████     | 1/2 [00:06<00:06,  6.82s/it]Loading Atlases ..: 100%|██████████| 2/2 [00:13<00:00,  6.83s/it]Loading Atlases ..: 100%|██████████| 2/2 [00:13<00:00,  6.87s/it]
OT ..:   0%|          | 0/1 [00:00<?, ?it/s]OT ..: 100%|██████████| 1/1 [00:32<00:00, 32.21s/it]OT ..: 100%|██████████| 1/1 [00:32<00:00, 32.24s/it]
[3 5 1 4 0 2]
[3 1 7 5 4 2 6 0]
(405, 400, 268)
(0.22855957837943708, 0.19016346871598477)
(0.24962856265845867, 0.13860862633683152)
(0.2925777315385622, 0.2683275215666969)
(0.223200043040343, 0.026196439214502192)
(0.2880483921399092, 0.1590575658418713)
(0.36217633715071396, 0.43495085450052257)
(0.5460347197110194, 0.04706981060334346)
(0.46019083644500325, 0.3702970498362348)
(0.3243768698455762, 0.15052785180325856)
(0.5053041806028229, 0.3135818242431549)
(0.31433285906606706, 0.24683906879163472)
(0.15592959129784603, 0.22148637077834277)
(0.18485632615010725, 0.15829189149549872)
(0.3161655274612663, 0.23752686795765005)
(0.2977486867468477, 0.13976522012141193)
(0.447471076895667, 0.09795769236918853)
(0.2402422454894139, 0.2780603403163496)
(0.16820663162983168, 0.1321780081883239)
(0.37753427983194504, 0.1915099634307423)
(0.4477702549696845, 0.28486957584465145)
(0.14490040280394312, 0.14780867335929093)
(0.2714314786017936, 0.3027219534947998)
(0.5710760727940825, 0.43626443697994205)
(0.2500595340936744, 0.105847262713793)
(0.37214160437565824, 0.25251038157095446)
(0.283480231389616, 0.026750825557822416)
(0.23099909079117828, 0.2954954624163156)
(0.31722223457725823, 0.20327496960153868)
(0.13304324656046854, 0.16978804295200312)
(0.3796661131576377, -0.09883674424924246)
(0.502971290381731, 0.2464387879956028)
(0.32608421839050283, 0.21839356715464633)
(0.43160800466093363, 0.14589886285809855)
(0.23491813187516764, 0.12729481882266974)
(0.35356726864383403, 0.013870807553663059)
(0.23635493863889845, -0.1147043166184804)
(0.40670394773804985, 0.2939881285386494)
(0.5076034050495392, 0.5548158641459988)
(0.3639941406778715, 0.13802017170620653)
(0.12282481117757592, -0.08105625766861899)
(0.18420733119228563, -0.04684691205937948)
(0.4160188762885989, 0.18382727343935723)
(0.3697145745333874, 0.15238181499857822)
(0.41745001571976487, 0.36225279623027046)
(0.30553587809193783, 0.214165396705369)
(0.29109069182900527, 0.23802504185098525)
(0.34955291205100536, 0.1895392810652953)
(0.3517063186825609, 0.20113611390433409)
(0.5216418940446012, 0.3396649795134993)
(0.09722292226914632, -0.10400777599386818)
(0.35774458332570597, 0.1871511178254728)
(0.34516474219983323, 0.13855494951192723)
(0.33791719897336925, 0.1263014063321261)
(0.2788998902962936, 0.1169747463019351)
(0.49820705847143026, 0.2132510501153279)
(0.23796037288927482, 0.19069887030367377)
(0.2566767650751251, 0.11557344798897888)
(0.515273525001098, 0.3655313028797787)
(0.5127399792130896, 0.1998474593003517)
(0.3415232889032662, 0.12182730491954584)
(0.3846930252745494, 0.2350113276520187)
(0.39201921965822034, 0.2578744284677974)
(0.3456773953816144, 0.2360102434206714)
(0.12342774760638787, -0.030988805414325454)
(0.4499762167839485, -0.12579035892729412)
(0.014936171702138595, -0.055390799413893466)
(0.37179295908355803, 0.2956622147206081)
(0.4824695679316746, 0.43298109624577347)
(0.44508838543584067, 0.45069698966958466)
(0.3634309447538688, 0.2145272144333909)
(0.1402080098102809, 0.19862186367988396)
(0.3435893499079892, 0.22544133555848805)
(0.39614513360880516, 0.055077669765134694)
(0.25388191384878017, 0.37726489680522374)
(0.21346316859602832, 0.11245437626630389)
(0.1387542974633092, 0.243113386499957)
(0.382452448733284, 0.17198977825203454)
(0.45411859722435294, 0.2602708635435892)
(0.12449501103003863, 0.03457669429267495)
(0.22561928886069668, 0.04139602571729787)
(0.2752201402400135, 0.2329350310925161)
(0.12967613620181953, 0.03615549231434806)
(0.4017466515730678, 0.27158614630912215)
(0.5098828537827532, 0.4528921416684833)
(0.4883558562514383, 0.4745435742498815)
(0.2585097004535515, 0.2406582717124448)
(0.48653723444155833, 0.13539140645790262)
(0.420990832116489, 0.3318239597662007)
(0.28738418383760916, 0.2768755389373136)
(0.4613308635413688, 0.21495318769477484)
(0.15376974426709789, 0.18214873455574948)
(0.471406940934655, 0.22607382008034257)
(0.3605285974925686, 0.10633120355460904)
(0.13693509742201643, 0.17280645851556214)
(0.388776584855348, 0.2518371048279274)
(0.30670200875462605, 0.2241166452992674)
(0.5711207128915987, 0.29405523290746866)
(0.524062994219715, 0.6115537548563792)
(0.3734172650832784, 0.3961540454690469)
(0.2261502300623442, -0.12382789726614173)
100
Mean IQ Performance of task=wm: source=schaefer target=shen orig: 0.331359971976, ot: 0.196175656702 cross_task: None
